             0              0     -1704465.7              0              0              0              0              0     -1704465.7              0              0            100
   0.052734375              0     -1708246.4      3793.0431              0              0              0              0     -1708246.4      3793.0431              0            100
    0.10546875              0     -1718586.2      14131.849              0              0              0              0     -1718586.2      14131.849              0            100
    0.15234375              0     -1733590.9      29174.885              0              0              0              0     -1733590.9      29174.885              0            100
    0.20507812              0     -1756802.4      52419.487              0              0              0              0     -1756802.4      52419.487              0            100
    0.25195312              0     -1784540.3      80201.667              0              0              0              0     -1784540.3      80201.667              0            100
     0.3046875              0     -1823123.5      118860.35              0              0              0              0     -1823123.5      118860.35              0            100
     0.3515625              0     -1866646.8      162513.07              0              0              0              0     -1866646.8      162513.07              0            100
    0.40429688              0     -1924196.9      220298.69              0              0              0              0     -1924196.9      220298.69              0            100
    0.45117188              0     -1988839.1      285069.49              0              0              0              0     -1988839.1      285069.49              0            100
    0.50390625              0     -2076226.3      372813.29              0              0              0              0     -2076226.3      372813.29              0            100
    0.55078125              0     -2172754.8      469798.09              0              0              0              0     -2172754.8      469798.09              0            100
    0.60351562              0     -2309587.8      607437.63              0              0              0              0     -2309587.8      607437.63              0            100
    0.65039062              0     -2464125.5      762906.92              0              0              0              0     -2464125.5      762906.92              0            100
      0.703125              0     -2690092.5      990514.55              0              0              0              0     -2690092.5      990514.55              0            100
    0.75585938              0     -3000964.9      1303330.2              0              0              0              0     -3000964.9      1303330.2              0            100
    0.80273438              0     -3401639.8      1704650.8              0              0              0              0     -3401639.8      1704650.8              0            100
    0.85546875              0     -4113441.7      2418240.6              0              0              0              0     -4113441.7      2418240.6              0            100
    0.90234375              0     -5261191.1      3570921.1              0              0              0              0     -5261191.1      3570921.1              0            100
    0.95214844              0     -8073683.8      6390650.4              0              0              0              0     -8073683.8      6390650.4              0            100
     1.0004883              0      -18570900       16902559              0              0              0              0      -18570900       16902559              0            100
      1.050293              0      -14164151       12480923              0              0              0              0      -14164151       12480923              0            100
     1.1015625              0     -7994123.4      6306366.6              0              0              0              0     -7994123.4      6306366.6              0            100
     1.1542969              0     -6567138.7      4882532.4              0              0              0              0     -6567138.7      4882532.4              0            100
     1.2011719              0       -6405269      4720599.4              0              0              0              0       -6405269      4720599.4              0            100
     1.2539062              0     -7078322.6      5391819.8              0              0              0              0     -7078322.6      5391819.8              0            100
     1.3007812              0     -7542343.5      5854689.4              0              0              0              0     -7542343.5      5854689.4              0            100
     1.3535156              0     -7103270.3      5414932.8              0              0              0              0     -7103270.3      5414932.8              0            100
     1.4003906              0     -6885615.8      5195622.6              0              0              0              0     -6885615.8      5195622.6              0            100
      1.453125              0     -6910647.5      5222850.7              0              0              0              0     -6910647.5      5222850.7              0            100
     1.5058594              0     -6854416.1      5166357.5              0              0              0              0     -6854416.1      5166357.5              0            100
     1.5527344              0     -6792596.5      5104454.8              0              0              0              0     -6792596.5      5104454.8              0            100
     1.6054688              0     -6562701.1      4876783.6              0              0              0              0     -6562701.1      4876783.6              0            100
     1.6523438              0     -6677374.8      4992295.7              0              0              0              0     -6677374.8      4992295.7              0            100
     1.7050781              0     -6882559.7      5197092.7              0              0              0              0     -6882559.7      5197092.7              0            100
     1.7519531              0     -6890267.4      5205515.2              0              0              0              0     -6890267.4      5205515.2              0            100
     1.8046875              0     -6741310.4      5055027.7              0              0              0              0     -6741310.4      5055027.7              0            100
     1.8515625              0     -6620263.2        4934529              0              0              0              0     -6620263.2        4934529              0            100
     1.9042969              0     -6777675.9      5092253.5              0              0              0              0     -6777675.9      5092253.5              0            100
     1.9511719              0     -6801479.6      5115113.7              0              0              0              0     -6801479.6      5115113.7              0            100
     2.0039062              0     -6723659.2      5039723.2              0              0              0              0     -6723659.2      5039723.2              0            100
     2.0507812              0       -6571096      4888008.2              0              0              0              0       -6571096      4888008.2              0            100
     2.1035156              0     -6635836.1      4951955.5              0              0              0              0     -6635836.1      4951955.5              0            100
     2.1503906              0     -6616074.1      4930507.9              0              0              0              0     -6616074.1      4930507.9              0            100
      2.203125              0     -6748829.6      5064798.3              0              0              0              0     -6748829.6      5064798.3              0            100
     2.2558594              0     -6639047.7        4955422              0              0              0              0     -6639047.7        4955422              0            100
     2.3027344              0     -6798185.6      5114899.2              0              0              0              0     -6798185.6      5114899.2              0            100
     2.3554688              0     -6678757.5      4994559.9              0              0              0              0     -6678757.5      4994559.9              0            100
     2.4023438              0     -6592882.4      4909994.2              0              0              0              0     -6592882.4      4909994.2              0            100
     2.4550781              0     -6522238.3      4840130.5              0              0              0              0     -6522238.3      4840130.5              0            100
     2.5019531              0     -6641361.2      4958540.6              0              0              0              0     -6641361.2      4958540.6              0            100
     2.5546875              0     -6612051.1      4928943.6              0              0              0              0     -6612051.1      4928943.6              0            100
     2.6015625              0     -6560228.7        4878352              0              0              0              0     -6560228.7        4878352              0            100
     2.6542969              0     -6737066.6      5054020.9              0              0              0              0     -6737066.6      5054020.9              0            100
     2.7011719              0     -6580512.6      4895328.1              0              0              0              0     -6580512.6      4895328.1              0            100
     2.7539062              0     -6599908.4      4917416.1              0              0              0              0     -6599908.4      4917416.1              0            100
     2.8007812              0     -6668197.6      4985591.8              0              0              0              0     -6668197.6      4985591.8              0            100
     2.8535156              0     -6576121.3        4892647              0              0              0              0     -6576121.3        4892647              0            100
     2.9003906              0     -6603830.4      4922131.1              0              0              0              0     -6603830.4      4922131.1              0            100
      2.953125              0     -6749745.6      5067145.2              0              0              0              0     -6749745.6      5067145.2              0            100
             3              0     -6841317.1      5157998.2              0              0              0              0     -6841317.1      5157998.2              0            100
