             0              0     -1710578.4      127843.07              0              0              0              0     -1710578.4      127843.07              0            100
   0.052734375              0     -1676081.2      93350.732              0              0              0              0     -1676081.2      93350.732              0            100
    0.10546875              0     -1648486.2      65784.085              0              0              0              0     -1648486.2      65784.085              0            100
    0.15234375              0     -1628944.4      46238.305              0              0              0              0     -1628944.4      46238.305              0            100
    0.20507812              0     -1612512.2      29785.215              0              0              0              0     -1612512.2      29785.215              0            100
    0.25195312              0     -1602555.1      19829.658              0              0              0              0     -1602555.1      19829.658              0            100
     0.3046875              0     -1595426.7      12664.481              0              0              0              0     -1595426.7      12664.481              0            100
     0.3515625              0     -1593627.7      10891.372              0              0              0              0     -1593627.7      10891.372              0            100
    0.40429688              0       -1596372       13637.87              0              0              0              0       -1596372       13637.87              0            100
    0.45117188              0     -1601555.7      18825.865              0              0              0              0     -1601555.7      18825.865              0            100
    0.50390625              0     -1611725.7       29067.77              0              0              0              0     -1611725.7       29067.77              0            100
    0.55078125              0     -1625102.9       42515.33              0              0              0              0     -1625102.9       42515.33              0            100
    0.60351562              0     -1644252.1      61707.659              0              0              0              0     -1644252.1      61707.659              0            100
    0.65039062              0     -1666009.4      83484.662              0              0              0              0     -1666009.4      83484.662              0            100
      0.703125              0     -1698178.6      115653.53              0              0              0              0     -1698178.6      115653.53              0            100
    0.75585938              0     -1736207.1      153735.24              0              0              0              0     -1736207.1      153735.24              0            100
    0.80273438              0     -1777927.4      195531.88              0              0              0              0     -1777927.4      195531.88              0            100
    0.85546875              0     -1834516.5       252300.3              0              0              0              0     -1834516.5       252300.3              0            100
    0.90234375              0       -1894201      312140.59              0              0              0              0       -1894201      312140.59              0            100
    0.95507812              0     -1971598.2      389861.85              0              0              0              0     -1971598.2      389861.85              0            100
     1.0019531              0     -2056035.4      474573.85              0              0              0              0     -2056035.4      474573.85              0            100
     1.0546875              0       -2170847      589796.32              0              0              0              0       -2170847      589796.32              0            100
     1.1015625              0     -2296398.9      715855.98              0              0              0              0     -2296398.9      715855.98              0            100
     1.1542969              0     -2474995.4      895441.33              0              0              0              0     -2474995.4      895441.33              0            100
     1.2011719              0     -2679496.1      1101328.4              0              0              0              0     -2679496.1      1101328.4              0            100
     1.2539062              0     -2979325.3      1402542.8              0              0              0              0     -2979325.3      1402542.8              0            100
     1.3007812              0     -3347483.5      1772279.3              0              0              0              0     -3347483.5      1772279.3              0            100
     1.3535156              0     -3968727.5      2395236.3              0              0              0              0     -3968727.5      2395236.3              0            100
     1.4003906              0     -4889985.7      3317554.3              0              0              0              0     -4889985.7      3317554.3              0            100
      1.453125              0     -7164919.6      5596866.9              0              0              0              0     -7164919.6      5596866.9              0            100
     1.5029297              0      -14824159       13255503              0              0              0              0      -14824159       13255503              0            100
     1.5527344              0      -15309197       13733277              0              0              0              0      -15309197       13733277              0            100
     1.6025391              0     -9153803.4      7573249.3              0              0              0              0     -9153803.4      7573249.3              0            100
     1.6523438              0     -7003785.8      5417923.4              0              0              0              0     -7003785.8      5417923.4              0            100
     1.7050781              0     -6310977.1      4729485.5              0              0              0              0     -6310977.1      4729485.5              0            100
     1.7519531              0       -6251382        4664564              0              0              0              0       -6251382        4664564              0            100
     1.8046875              0       -6569642      4985832.7              0              0              0              0       -6569642      4985832.7              0            100
     1.8515625              0     -6834649.4        5253850              0              0              0              0     -6834649.4        5253850              0            100
     1.9042969              0     -6520747.9        4939454              0              0              0              0     -6520747.9        4939454              0            100
     1.9511719              0       -6187058      4604941.8              0              0              0              0       -6187058      4604941.8              0            100
     2.0039062              0     -5981082.1      4398202.8              0              0              0              0     -5981082.1      4398202.8              0            100
     2.0507812              0     -6164726.9      4582461.5              0              0              0              0     -6164726.9      4582461.5              0            100
     2.1035156              0     -6262037.8      4680776.8              0              0              0              0     -6262037.8      4680776.8              0            100
     2.1503906              0     -6165070.8      4584615.1              0              0              0              0     -6165070.8      4584615.1              0            100
      2.203125              0     -6102527.6        4521519              0              0              0              0     -6102527.6        4521519              0            100
     2.2558594              0     -5937019.8      4357632.8              0              0              0              0     -5937019.8      4357632.8              0            100
     2.3027344              0     -5973512.9      4394879.2              0              0              0              0     -5973512.9      4394879.2              0            100
     2.3554688              0     -6059875.2        4481291              0              0              0              0     -6059875.2        4481291              0            100
     2.4023438              0     -6107229.5      4526993.6              0              0              0              0     -6107229.5      4526993.6              0            100
     2.4550781              0       -6206095      4624342.2              0              0              0              0       -6206095      4624342.2              0            100
     2.5019531              0     -6235268.9        4654375              0              0              0              0     -6235268.9        4654375              0            100
     2.5546875              0       -6056156      4475156.6              0              0              0              0       -6056156      4475156.6              0            100
     2.6015625              0     -5891100.7      4311506.6              0              0              0              0     -5891100.7      4311506.6              0            100
     2.6542969              0       -5775655      4198176.8              0              0              0              0       -5775655      4198176.8              0            100
     2.7011719              0     -5836957.1      4258288.8              0              0              0              0     -5836957.1      4258288.8              0            100
     2.7539062              0     -5959499.4      4380601.5              0              0              0              0     -5959499.4      4380601.5              0            100
     2.8007812              0     -6050562.1        4472469              0              0              0              0     -6050562.1        4472469              0            100
     2.8535156              0     -6143178.7      4564147.7              0              0              0              0     -6143178.7      4564147.7              0            100
     2.9003906              0       -6105258      4524872.9              0              0              0              0       -6105258      4524872.9              0            100
      2.953125              0     -5986106.2      4406874.6              0              0              0              0     -5986106.2      4406874.6              0            100
             3              0     -5858685.4      4280603.7              0              0              0              0     -5858685.4      4280603.7              0            100
