   0.041666666              0              0  8.2501862e+10              0              0              0              0              0  1.8470306e+09              0              0  5.7174019e+10              0              0  2.3480812e+10              0      155095.81      9092242.3      3072328.4
   0.092223492              0              0  1.5762287e+11              0              0              0              0              0  4.5779043e+09              0              0  1.0139264e+11              0              0  5.1652324e+10              0      155095.81      9092242.3      3072328.4
    0.14418954              0              0   2.456699e+11              0              0              0              0              0   8.041954e+09              0              0  1.5497543e+11              0              0  8.2652523e+10              0      155095.81      9092242.3      3072328.4
    0.19423549              0              0  3.4334924e+11              0              0              0              0              0  1.2245299e+10              0              0  2.1591242e+11              0              0  1.1519152e+11              0      155095.81      9092242.3      3072328.4
    0.24287045              0              0  4.5651491e+11              0              0              0              0              0  1.7276013e+10              0              0  2.9037908e+11              0              0  1.4885982e+11              0      155095.81      9092242.3      3072328.4
    0.29623603              0              0     5.9818e+11              0              0              0              0              0  2.4947304e+10              0              0  3.8494075e+11              0              0  1.8829194e+11              0      155095.81      9092242.3      3072328.4
    0.34382328              0              0  7.3814341e+11              0              0              0              0              0  3.0622362e+10              0              0  4.8122849e+11              0              0  2.2629255e+11              0      155095.81      9092242.3      3072328.4
    0.39905493              0              0  8.7098159e+11              0              0              0              0              0   3.893354e+10              0              0  5.6066524e+11              0              0  2.7138281e+11              0      155095.81      9092242.3      3072328.4
      0.451801              0              0  1.0203962e+12              0              0              0              0              0  5.1236777e+10              0              0  6.5177153e+11              0              0  3.1738785e+11              0      155095.81      9092242.3      3072328.4
      0.498975              0              0  1.1619243e+12              0              0              0              0              0  5.3863759e+10              0              0  7.4424411e+11              0              0  3.6381639e+11              0      155095.81      9092242.3      3072328.4
     0.5510746              0              0  1.3028883e+12              0              0              0              0              0  6.4391298e+10              0              0  8.2846883e+11              0              0  4.1002818e+11              0      155095.81      9092242.3      3072328.4
    0.59368912              0              0  1.3948758e+12              0              0              0              0              0  6.9576653e+10              0              0  8.7061772e+11              0              0  4.5468138e+11              0      155095.81      9092242.3      3072328.4
    0.65567812              0              0  1.5441401e+12              0              0              0              0              0  7.8138019e+10              0              0  9.7302766e+11              0              0  4.9297446e+11              0      155095.81      9092242.3      3072328.4
    0.70638163              0              0   1.645625e+12              0              0              0              0              0  9.0519669e+10              0              0  1.0090504e+12              0              0  5.4605491e+11              0      155095.81      9092242.3      3072328.4
    0.74234399              0              0  1.6936182e+12              0              0              0              0              0  9.8576842e+10              0              0  1.0522732e+12              0              0  5.4276813e+11              0      155095.81      9092242.3      3072328.4
    0.79974935              0              0  1.7432049e+12              0              0              0              0              0  1.0769437e+11              0              0  1.0915866e+12              0              0  5.4392384e+11              0      155095.81      9092242.3      3072328.4
    0.86159386              0              0  1.7730502e+12              0              0              0              0              0  9.9782494e+10              0              0  1.1087056e+12              0              0  5.6456218e+11              0      155095.81      9092242.3      3072328.4
    0.90545818              0              0  1.8018491e+12              0              0              0              0              0  9.8277256e+10              0              0  1.1301265e+12              0              0  5.7344529e+11              0      155095.81      9092242.3      3072328.4
    0.95155567              0              0   1.785828e+12              0              0              0              0              0  9.8508511e+10              0              0  1.1119621e+12              0              0  5.7535741e+11              0      155095.81      9092242.3      3072328.4
             1              0              0  1.8070175e+12              0              0              0              0              0  9.9556128e+10              0              0  1.1260738e+12              0              0  5.8138754e+11              0      155095.81      9092242.3      3072328.4
